x,small-big,small-small,big-big,big-small
0.00000,NaN,NaN,NaN,NaN
0.05000,-0.06101,-0.06605,-0.06057,-0.07106
0.10000,-0.11096,-0.12578,-0.13074,-0.13312
0.15000,-0.18521,-0.19827,-0.19218,-0.19890
0.20000,-0.27020,-0.29442,-0.26313,-0.24804
0.25000,-0.38208,-0.42473,-0.30350,-0.34806
0.30000,-0.49311,-0.56638,-0.43485,-0.44862
0.35000,-0.60064,-0.66176,-0.50932,-0.51433
0.40000,-0.66803,-0.73685,-0.62631,-0.62461
0.45000,-0.77240,-0.81491,-0.72388,-0.71072
0.50000,-0.92343,-0.96907,-0.94170,-0.80539
