x,small-big,small-small,big-big,big-small
0.00000,-2.11528,-2.11528,-2.72606,-2.72606
0.05000,-2.28824,-2.17010,-2.73917,-2.72311
0.10000,-2.43287,-2.38525,-2.82114,-2.74224
0.15000,-2.56734,-2.60688,-2.81597,-2.84523
0.20000,-2.71410,-2.70063,-3.12485,-3.13440
0.25000,-2.68016,-2.62971,-3.07264,-3.04720
0.30000,-2.81357,-2.71486,-3.07731,-3.13400
0.35000,-2.75479,-2.71873,-3.05979,-3.10466
0.40000,-2.73334,-2.72049,-3.08950,-3.05989
0.45000,-2.81557,-2.69772,-2.87913,-2.99763
0.50000,-2.79229,-2.71874,-3.04549,-2.96711
