x,small-big,small-small,big-big,big-small
0.00000,-2.11528,-2.11528,-2.72606,-2.72606
0.05000,-2.27831,-2.18295,-2.66014,-2.68983
0.10000,-2.30107,-2.26454,-2.72009,-2.77829
0.15000,-2.50422,-2.42524,-2.90771,-2.91358
0.20000,-2.53832,-2.43061,-2.99604,-2.94133
0.25000,-2.38050,-2.36370,-2.93941,-2.86287
0.30000,-2.44240,-2.40420,-2.91003,-2.83026
0.35000,-2.38702,-2.27984,-2.92994,-2.92548
0.40000,-2.31872,-2.22463,-2.92569,-2.84679
0.45000,-2.22021,-2.25119,-2.88230,-2.78122
0.50000,-2.21769,-2.25532,-2.85520,-2.87746
