x,small-big,small-small,big-big,big-small
0.00000,-2.11528,-2.11528,-2.72606,-2.72606
0.05000,-2.25825,-2.18410,-2.64983,-2.67251
0.10000,-2.24292,-2.19449,-2.84522,-2.80194
0.15000,-2.40419,-2.34514,-2.84653,-2.80671
0.20000,-2.43294,-2.37631,-2.93605,-2.97788
0.25000,-2.25066,-2.30255,-3.03352,-2.81887
0.30000,-2.22059,-2.24458,-2.87827,-2.88545
0.35000,-2.21871,-2.14413,-2.89502,-2.82898
0.40000,-2.16972,-2.12745,-2.82214,-2.86882
0.45000,-2.11787,-2.16057,-2.83984,-2.86838
0.50000,-2.15686,-2.19388,-3.00759,-2.87918
