x,small-big,small-small,big-big,big-small
0.00000,NaN,NaN,NaN,NaN
0.05000,-0.05457,-0.05547,-0.06444,-0.07290
0.10000,-0.09498,-0.10804,-0.14720,-0.17245
0.15000,-0.15173,-0.16985,-0.20597,-0.21996
0.20000,-0.20551,-0.23125,-0.29578,-0.33242
0.25000,-0.25934,-0.32834,-0.39642,-0.39178
0.30000,-0.30644,-0.37828,-0.47044,-0.48487
0.35000,-0.37468,-0.45867,-0.54007,-0.58106
0.40000,-0.47378,-0.49479,-0.76597,-0.59135
0.45000,-0.53842,-0.59376,-0.92751,-0.74394
0.50000,-0.64497,-0.72920,-1.23149,-0.91974
