x,small-big,small-small,big-big,big-small
0.00000,-2.11528,-2.11528,-2.72606,-2.72606
0.05000,-2.36144,-2.19555,-2.73919,-2.73096
0.10000,-2.52576,-2.41475,-2.84431,-2.82118
0.15000,-2.68217,-2.61092,-2.89678,-2.95198
0.20000,-2.80000,-2.79053,-3.25107,-3.25437
0.25000,-2.81030,-2.74732,-3.13157,-3.16243
0.30000,-2.88710,-2.89416,-3.18629,-3.23223
0.35000,-2.89277,-2.85110,-3.20832,-3.18979
0.40000,-2.82877,-2.83064,-3.10088,-3.15957
0.45000,-2.85959,-2.80402,-2.99997,-3.10056
0.50000,-2.83088,-2.80646,-3.12847,-3.12441
