x,small-big,small-small,big-big,big-small
0.00000,NaN,NaN,NaN,NaN
0.05000,-0.06560,-0.06040,-0.03857,-0.04886
0.10000,-0.11287,-0.12225,-0.09937,-0.06903
0.15000,-0.18229,-0.18887,-0.14162,-0.13696
0.20000,-0.24797,-0.26656,-0.22832,-0.20532
0.25000,-0.36060,-0.35563,-0.29686,-0.28203
0.30000,-0.42078,-0.45627,-0.39473,-0.33473
0.35000,-0.55770,-0.57957,-0.47778,-0.39957
0.40000,-0.64138,-0.66172,-0.59049,-0.54209
0.45000,-0.73570,-0.75662,-0.68143,-0.61322
0.50000,-0.87772,-0.89882,-0.82525,-0.71312
