x,small-big,small-small,big-big,big-small
0.00000,NaN,NaN,NaN,NaN
0.05000,-0.05757,-0.05661,-0.06433,-0.05944
0.10000,-0.09872,-0.10855,-0.12950,-0.14956
0.15000,-0.16535,-0.18321,-0.22584,-0.26899
0.20000,-0.21602,-0.24417,-0.29320,-0.28422
0.25000,-0.28589,-0.34924,-0.42777,-0.41753
0.30000,-0.36766,-0.41560,-0.51755,-0.45853
0.35000,-0.46162,-0.51053,-0.59678,-0.52342
0.40000,-0.55826,-0.56307,-0.76838,-0.64713
0.45000,-0.58197,-0.64040,-0.84850,-0.81298
0.50000,-0.66837,-0.76265,-1.18622,-1.00573
